{
  "walls" : [
    {
      "polygonCorners" : [

      ],
      "dimensions" : [
        15.783492,
        2.4433331,
        0
      ],
      "parentIdentifier" : null,
      "category" : {
        "wall" : {

        }
      },
      "confidence" : {
        "high" : {

        }
      },
      "identifier" : "477FFE51-77D2-4332-9FB2-5175CAC52C41",
      "completedEdges" : [

      ],
      "transform" : [
        -0.83698326,
        0,
        -0.54722863,
        0,
        0,
        0.99999994,
        0,
        0,
        0.5472285,
        0,
        -0.8369832,
        0,
        -4.9060335,
        -0.31024075,
        4.568046,
        1
      ],
      "story" : 0,
      "curve" : null
    },
    {
      "transform" : [
        0.83698326,
        0,
        0.54722863,
        0,
        0,
        0.99999994,
        0,
        0,
        -0.5472285,
        0,
        0.8369832,
        0,
        -6.2607937,
        -0.31024075,
        -0.21873382,
        1
      ],
      "confidence" : {
        "high" : {

        }
      },
      "story" : 0,
      "dimensions" : [
        3.5199955,
        2.4433331,
        0
      ],
      "category" : {
        "wall" : {

        }
      },
      "curve" : null,
      "polygonCorners" : [

      ],
      "parentIdentifier" : null,
      "identifier" : "74987085-C815-4866-9CF9-1DFBF6C2FAF3",
      "completedEdges" : [

      ]
    },
    {
      "category" : {
        "wall" : {

        }
      },
      "identifier" : "5866084A-5AAB-492C-9F96-A85823E66CC0",
      "parentIdentifier" : null,
      "completedEdges" : [

      ],
      "story" : 0,
      "transform" : [
        -0.5472287,
        0,
        0.83698314,
        0,
        0,
        0.99999994,
        0,
        0,
        -0.8369832,
        0,
        -0.5472287,
        0,
        3.5901463,
        -0.31024075,
        5.541119,
        1
      ],
      "confidence" : {
        "high" : {

        }
      },
      "polygonCorners" : [

      ],
      "curve" : null,
      "dimensions" : [
        2.9054894,
        2.4433331,
        0
      ]
    },
    {
      "completedEdges" : [

      ],
      "story" : 0,
      "transform" : [
        0.5472286,
        0,
        -0.8369832,
        0,
        0,
        0.99999994,
        0,
        0,
        0.8369832,
        0,
        0.54722863,
        0,
        -10.779154,
        -0.31024075,
        -0.8703454,
        1
      ],
      "confidence" : {
        "high" : {

        }
      },
      "dimensions" : [
        2.6758053,
        2.4433331,
        0
      ],
      "identifier" : "D6AF4780-E3DD-4D15-9179-161FD1903642",
      "polygonCorners" : [

      ],
      "category" : {
        "wall" : {

        }
      },
      "curve" : null,
      "parentIdentifier" : null
    },
    {
      "identifier" : "3F1638F5-0B47-4FB9-AB4C-A7CD31F81902",
      "story" : 0,
      "polygonCorners" : [

      ],
      "confidence" : {
        "high" : {

        }
      },
      "transform" : [
        -0.5472281,
        0,
        0.83698356,
        0,
        0,
        0.99999994,
        0,
        0,
        -0.8369835,
        0,
        -0.5472281,
        0,
        2.3510191,
        -0.31024075,
        7.8897204,
        1
      ],
      "completedEdges" : [

      ],
      "category" : {
        "wall" : {

        }
      },
      "curve" : null,
      "parentIdentifier" : null,
      "dimensions" : [
        2.3821611,
        2.4433331,
        0
      ]
    },
    {
      "parentIdentifier" : null,
      "polygonCorners" : [

      ],
      "transform" : [
        -0.5472287,
        0,
        0.83698314,
        0,
        0,
        0.99999994,
        0,
        0,
        -0.8369832,
        0,
        -0.5472287,
        0,
        5.261034,
        -0.31024075,
        3.5038502,
        1
      ],
      "completedEdges" : [

      ],
      "category" : {
        "wall" : {

        }
      },
      "identifier" : "A3BB5492-3596-40C0-B5C7-520FB43F37EE",
      "dimensions" : [
        2.3335445,
        2.4433331,
        0
      ],
      "confidence" : {
        "high" : {

        }
      },
      "curve" : null,
      "story" : 0
    },
    {
      "completedEdges" : [

      ],
      "identifier" : "50EAE3E6-3B2D-4F23-A689-6FF1A3E6A328",
      "curve" : null,
      "story" : 0,
      "polygonCorners" : [

      ],
      "parentIdentifier" : null,
      "transform" : [
        0.83698326,
        0,
        0.5472285,
        0,
        0,
        0.99999994,
        0,
        0,
        -0.54722846,
        0,
        0.83698326,
        0,
        -1.4851096,
        -0.31024075,
        -0.54522234,
        1
      ],
      "category" : {
        "wall" : {

        }
      },
      "dimensions" : [
        1.6165359,
        2.4433331,
        0
      ],
      "confidence" : {
        "high" : {

        }
      }
    },
    {
      "curve" : null,
      "polygonCorners" : [

      ],
      "dimensions" : [
        1.4694488,
        3.02286,
        0
      ],
      "parentIdentifier" : null,
      "completedEdges" : [

      ],
      "story" : 0,
      "transform" : [
        0.5472284,
        0,
        -0.8369833,
        0,
        0,
        0.99999994,
        0,
        0,
        0.8369833,
        0,
        0.54722846,
        0,
        -0.40654063,
        -0.020477295,
        -0.7178671,
        1
      ],
      "category" : {
        "wall" : {

        }
      },
      "confidence" : {
        "high" : {

        }
      },
      "identifier" : "00670C47-A391-4140-B3CA-6B4FC4923B0A"
    },
    {
      "polygonCorners" : [

      ],
      "transform" : [
        0.5472286,
        0,
        -0.8369832,
        0,
        0,
        1,
        0,
        0,
        0.8369832,
        0,
        0.54722863,
        0,
        -3.768991,
        -0.3956573,
        -0.5705621,
        1
      ],
      "confidence" : {
        "high" : {

        }
      },
      "story" : 0,
      "category" : {
        "wall" : {

        }
      },
      "identifier" : "4E89B783-3CE9-4B16-908E-52BDE1EEAF88",
      "curve" : null,
      "dimensions" : [
        1.4133973,
        2.2725,
        0
      ],
      "completedEdges" : [

      ],
      "parentIdentifier" : null
    },
    {
      "polygonCorners" : [

      ],
      "transform" : [
        0.8369832,
        0,
        0.54722863,
        0,
        0,
        0.99999994,
        0,
        0,
        -0.5472286,
        0,
        0.8369832,
        0,
        -4.5533915,
        -0.31024075,
        1.5283421,
        1
      ],
      "story" : 0,
      "parentIdentifier" : null,
      "curve" : null,
      "confidence" : {
        "high" : {

        }
      },
      "identifier" : "D6454633-FD3C-4B5C-9B2A-A769E86BC1B0",
      "category" : {
        "wall" : {

        }
      },
      "dimensions" : [
        1.2502378,
        2.4433331,
        0
      ],
      "completedEdges" : [

      ]
    },
    {
      "confidence" : {
        "high" : {

        }
      },
      "parentIdentifier" : null,
      "dimensions" : [
        1.117169,
        2.2725,
        0
      ],
      "polygonCorners" : [

      ],
      "story" : 0,
      "curve" : null,
      "identifier" : "D99B6DC2-037B-4927-915D-79861DC9F358",
      "completedEdges" : [

      ],
      "transform" : [
        0.83698326,
        0,
        0.5472285,
        0,
        0,
        1,
        0,
        0,
        -0.54722846,
        0,
        0.83698326,
        0,
        -2.9147394,
        -0.3956573,
        -0.8563836,
        1
      ],
      "category" : {
        "wall" : {

        }
      }
    },
    {
      "category" : {
        "wall" : {

        }
      },
      "parentIdentifier" : null,
      "polygonCorners" : [

      ],
      "story" : 0,
      "transform" : [
        0.5472284,
        0,
        -0.83698326,
        0,
        0,
        0.99999994,
        0,
        0,
        0.83698326,
        0,
        0.54722846,
        0,
        -7.8951197,
        -0.31024075,
        -0.9352438,
        1
      ],
      "identifier" : "D114A419-7C48-4152-8C41-59AAF77E8697",
      "dimensions" : [
        0.5892854,
        2.4433331,
        0
      ],
      "curve" : null,
      "confidence" : {
        "high" : {

        }
      },
      "completedEdges" : [

      ]
    },
    {
      "parentIdentifier" : null,
      "polygonCorners" : [

      ],
      "category" : {
        "wall" : {

        }
      },
      "transform" : [
        0.5472286,
        0,
        -0.8369832,
        0,
        0,
        0.99999994,
        0,
        0,
        0.8369832,
        0,
        0.54722863,
        0,
        -2.3044147,
        -0.31024075,
        -0.76912,
        1
      ],
      "confidence" : {
        "high" : {

        }
      },
      "dimensions" : [
        0.5218974,
        2.4433331,
        0
      ],
      "story" : 0,
      "completedEdges" : [

      ],
      "identifier" : "744EADA0-4DF9-4BA2-9072-2AABD8B62B88",
      "curve" : null
    },
    {
      "story" : 0,
      "transform" : [
        -0.5472284,
        0,
        0.8369833,
        0,
        0,
        0.99999994,
        0,
        0,
        -0.8369833,
        0,
        -0.54722846,
        0,
        -4.9321556,
        -0.31024075,
        0.9653232,
        1
      ],
      "dimensions" : [
        0.5279339,
        2.4433331,
        0
      ],
      "identifier" : "E41D7536-B925-42CA-A4F8-F07AB756BC33",
      "curve" : null,
      "completedEdges" : [

      ],
      "confidence" : {
        "high" : {

        }
      },
      "category" : {
        "wall" : {

        }
      },
      "polygonCorners" : [

      ],
      "parentIdentifier" : null
    },
    {
      "identifier" : "21F9D249-D005-4C8C-9E42-1D969EEB9EC5",
      "curve" : null,
      "confidence" : {
        "high" : {

        }
      },
      "transform" : [
        -0.8369833,
        0,
        -0.5472286,
        0,
        0,
        0.99999994,
        0,
        0,
        0.54722846,
        0,
        -0.83698326,
        0,
        4.5038366,
        -0.31024075,
        4.402807,
        1
      ],
      "completedEdges" : [

      ],
      "story" : 0,
      "category" : {
        "wall" : {

        }
      },
      "polygonCorners" : [

      ],
      "dimensions" : [
        0.28365263,
        2.4433331,
        0
      ],
      "parentIdentifier" : null
    },
    {
      "completedEdges" : [

      ],
      "identifier" : "25780577-A642-4144-BFB6-47CCF56FDDC6",
      "parentIdentifier" : null,
      "curve" : null,
      "story" : 0,
      "polygonCorners" : [

      ],
      "dimensions" : [
        2.378374,
        2.4433331,
        0
      ],
      "category" : {
        "wall" : {

        }
      },
      "confidence" : {
        "high" : {

        }
      },
      "transform" : [
        0.8369832,
        0,
        0.5472287,
        0,
        0,
        0.99999994,
        0,
        0,
        -0.5472287,
        0,
        0.83698314,
        0,
        -9.051685,
        -0.31024075,
        -1.3393902,
        1
      ]
    },
    {
      "category" : {
        "wall" : {

        }
      },
      "curve" : null,
      "transform" : [
        0.83698267,
        0,
        0.54722965,
        0,
        0,
        0.99999994,
        0,
        0,
        -0.5472296,
        0,
        0.83698255,
        0,
        2.898987,
        -0.31024075,
        6.8249235,
        1
      ],
      "completedEdges" : [

      ],
      "confidence" : {
        "high" : {

        }
      },
      "polygonCorners" : [

      ],
      "dimensions" : [
        0.24809264,
        2.4433331,
        0
      ],
      "story" : 0,
      "identifier" : "2DAD04E6-730C-42FB-87D4-62595FD067A9",
      "parentIdentifier" : null
    },
    {
      "transform" : [
        0.83698326,
        0,
        0.5472286,
        0,
        0,
        0.99999994,
        0,
        0,
        -0.5472285,
        0,
        0.83698326,
        0,
        1.0261872,
        -0.31024075,
        -0.65895903,
        1
      ],
      "parentIdentifier" : null,
      "polygonCorners" : [

      ],
      "category" : {
        "wall" : {

        }
      },
      "story" : 0,
      "curve" : null,
      "completedEdges" : [

      ],
      "confidence" : {
        "high" : {

        }
      },
      "identifier" : "178D5446-33EE-4D52-8349-F1ED76CE0E67",
      "dimensions" : [
        2.4628103,
        2.4433331,
        0
      ]
    },
    {
      "polygonCorners" : [

      ],
      "curve" : null,
      "completedEdges" : [

      ],
      "parentIdentifier" : null,
      "identifier" : "C75DB6DB-321E-4A63-BA5B-3BCD48C3A506",
      "confidence" : {
        "high" : {

        }
      },
      "category" : {
        "wall" : {

        }
      },
      "dimensions" : [
        4.591098,
        2.4433331,
        0
      ],
      "transform" : [
        0.8369832,
        0,
        0.54722863,
        0,
        0,
        0.99999994,
        0,
        0,
        -0.5472286,
        0,
        0.8369832,
        0,
        3.9781888,
        -0.31024075,
        1.2710911,
        1
      ],
      "story" : 0
    },
    {
      "polygonCorners" : [

      ],
      "confidence" : {
        "high" : {

        }
      },
      "transform" : [
        0.5752974,
        0,
        -0.81794447,
        0,
        0,
        1,
        0,
        0,
        0.81794447,
        0,
        0.5752974,
        0,
        -3.3118935,
        -0.3956573,
        0.7318652,
        1
      ],
      "identifier" : "958B84E8-660A-4BB3-A161-B8F9D69E31B4",
      "story" : 0,
      "curve" : null,
      "parentIdentifier" : null,
      "category" : {
        "wall" : {

        }
      },
      "dimensions" : [
        0.1921057,
        2.2725,
        0
      ],
      "completedEdges" : [

      ]
    },
    {
      "confidence" : {
        "high" : {

        }
      },
      "dimensions" : [
        2.8926928,
        2.4433331,
        0
      ],
      "completedEdges" : [

      ],
      "parentIdentifier" : null,
      "category" : {
        "wall" : {

        }
      },
      "identifier" : "1BEDBD35-C78C-443F-B633-ACCC5444A19C",
      "curve" : null,
      "polygonCorners" : [

      ],
      "story" : 0,
      "transform" : [
        0.5472285,
        0,
        -0.83698326,
        0,
        0,
        0.99999994,
        0,
        0,
        0.83698326,
        0,
        0.5472286,
        0,
        -3.2386956,
        -0.31024075,
        0.65985745,
        1
      ]
    },
    {
      "parentIdentifier" : null,
      "completedEdges" : [

      ],
      "story" : 0,
      "category" : {
        "wall" : {

        }
      },
      "transform" : [
        -0.5472285,
        0,
        0.83698326,
        0,
        0,
        0.99999994,
        0,
        0,
        -0.83698326,
        0,
        -0.5472286,
        0,
        1.549969,
        -0.020477295,
        0.7901771,
        1
      ],
      "confidence" : {
        "high" : {

        }
      },
      "curve" : null,
      "polygonCorners" : [

      ],
      "dimensions" : [
        1.8525486,
        3.02286,
        0
      ],
      "identifier" : "46A22BAF-D768-49F0-A3A2-E8C480DE49B6"
    },
    {
      "completedEdges" : [

      ],
      "dimensions" : [
        5.1151624,
        2.4433331,
        0
      ],
      "category" : {
        "wall" : {

        }
      },
      "confidence" : {
        "high" : {

        }
      },
      "identifier" : "41912625-F7EC-4A30-AB3A-EAF6C3C74551",
      "curve" : null,
      "transform" : [
        0.81794375,
        0,
        0.5752982,
        0,
        0,
        0.99999994,
        0,
        0,
        -0.57529813,
        0,
        0.81794375,
        0,
        -2.063759,
        -0.31024075,
        1.4923047,
        1
      ],
      "story" : 0,
      "polygonCorners" : [
        [
          -2.5575814,
          1.0508336,
          0
        ],
        [
          -1.5001844,
          1.0508336,
          -2.9802322e-08
        ],
        [
          -1.5001844,
          1.2216667,
          -2.9802322e-08
        ],
        [
          2.5575817,
          1.2216667,
          -2.9802322e-08
        ],
        [
          2.5575817,
          -1.2216666,
          -2.9802322e-08
        ],
        [
          -2.5575814,
          -1.2216666,
          0
        ]
      ],
      "parentIdentifier" : null
    }
  ],
  "doors" : [
    {
      "polygonCorners" : [

      ],
      "dimensions" : [
        0.6979843,
        2.014895,
        0
      ],
      "category" : {
        "door" : {
          "isOpen" : false
        }
      },
      "parentIdentifier" : "00670C47-A391-4140-B3CA-6B4FC4923B0A",
      "story" : 0,
      "confidence" : {
        "high" : {

        }
      },
      "completedEdges" : [

      ],
      "curve" : null,
      "transform" : [
        0.5472284,
        0,
        -0.8369834,
        0,
        0,
        1,
        0,
        0,
        0.8369834,
        0,
        0.5472284,
        0,
        -0.39902186,
        -0.52445984,
        -0.7293672,
        1
      ],
      "identifier" : "95081A4C-7657-496D-B152-5FB2A512660E"
    },
    {
      "polygonCorners" : [

      ],
      "curve" : null,
      "parentIdentifier" : "477FFE51-77D2-4332-9FB2-5175CAC52C41",
      "story" : 0,
      "identifier" : "18C21B28-468E-44B4-870F-B75E724BEECA",
      "completedEdges" : [

      ],
      "dimensions" : [
        2.7480192,
        2.0774457,
        0
      ],
      "category" : {
        "door" : {
          "isOpen" : false
        }
      },
      "confidence" : {
        "high" : {

        }
      },
      "transform" : [
        -0.8369832,
        0,
        -0.5472286,
        0,
        0,
        1.0000001,
        0,
        0,
        0.5472286,
        0,
        -0.8369832,
        0,
        -3.90345,
        -0.49318457,
        5.2235456,
        1
      ]
    },
    {
      "curve" : null,
      "dimensions" : [
        0.75854224,
        2.1093912,
        0
      ],
      "polygonCorners" : [

      ],
      "category" : {
        "door" : {
          "isOpen" : false
        }
      },
      "completedEdges" : [

      ],
      "confidence" : {
        "high" : {

        }
      },
      "identifier" : "9EDB389F-714C-4C71-A550-3B506CF3C757",
      "story" : 0,
      "transform" : [
        0.54722875,
        0,
        -0.8369831,
        0,
        0,
        1.0000001,
        0,
        0,
        0.83698326,
        0,
        0.5472288,
        0,
        -10.855964,
        -0.4772117,
        -0.752866,
        1
      ],
      "parentIdentifier" : "D6AF4780-E3DD-4D15-9179-161FD1903642"
    },
    {
      "category" : {
        "door" : {
          "isOpen" : false
        }
      },
      "polygonCorners" : [

      ],
      "completedEdges" : [

      ],
      "curve" : null,
      "confidence" : {
        "medium" : {

        }
      },
      "transform" : [
        0.5472286,
        0,
        -0.8369832,
        0,
        0,
        1,
        0,
        0,
        0.8369832,
        0,
        0.54722863,
        0,
        -3.7223618,
        -0.4776218,
        -0.64188135,
        1
      ],
      "identifier" : "9FE04B6D-935B-4228-8DE0-5B60DB75B50A",
      "parentIdentifier" : "4E89B783-3CE9-4B16-908E-52BDE1EEAF88",
      "dimensions" : [
        1.137966,
        2.108571,
        0
      ],
      "story" : 0
    },
    {
      "polygonCorners" : [

      ],
      "transform" : [
        0.8369834,
        0,
        0.5472285,
        0,
        0,
        1,
        0,
        0,
        -0.54722846,
        0,
        0.8369834,
        0,
        0.8390577,
        -0.50792885,
        -0.7813066,
        1
      ],
      "curve" : null,
      "story" : 0,
      "dimensions" : [
        1.2862551,
        2.047957,
        0
      ],
      "category" : {
        "door" : {
          "isOpen" : false
        }
      },
      "parentIdentifier" : "178D5446-33EE-4D52-8349-F1ED76CE0E67",
      "completedEdges" : [

      ],
      "identifier" : "66FA3A8C-C99C-4BCE-98DC-3F57F3BCD6EF",
      "confidence" : {
        "medium" : {

        }
      }
    },
    {
      "category" : {
        "door" : {
          "isOpen" : false
        }
      },
      "confidence" : {
        "medium" : {

        }
      },
      "completedEdges" : [

      ],
      "identifier" : "F5E38879-0C5F-44B1-BE73-BA614C7DE2A0",
      "transform" : [
        0.8369834,
        0,
        0.5472285,
        0,
        0,
        1,
        0,
        0,
        -0.54722846,
        0,
        0.8369834,
        0,
        -1.8450598,
        -0.5024185,
        -0.78056157,
        1
      ],
      "parentIdentifier" : "50EAE3E6-3B2D-4F23-A689-6FF1A3E6A328",
      "polygonCorners" : [

      ],
      "curve" : null,
      "story" : 0,
      "dimensions" : [
        0.61436635,
        2.0589776,
        0
      ]
    },
    {
      "parentIdentifier" : "74987085-C815-4866-9CF9-1DFBF6C2FAF3",
      "polygonCorners" : [

      ],
      "story" : 0,
      "identifier" : "3C8F5C2C-AE2D-4879-920F-56E5F1510767",
      "category" : {
        "door" : {
          "isOpen" : false
        }
      },
      "transform" : [
        0.83698326,
        0,
        0.5472286,
        0,
        0,
        1,
        0,
        0,
        -0.5472285,
        0,
        0.83698326,
        0,
        -7.2406607,
        -0.48983002,
        -0.8593814,
        1
      ],
      "dimensions" : [
        0.7071421,
        2.0841546,
        0
      ],
      "curve" : null,
      "confidence" : {
        "high" : {

        }
      },
      "completedEdges" : [

      ]
    },
    {
      "dimensions" : [
        0.7417438,
        2.1030607,
        0
      ],
      "category" : {
        "door" : {
          "isOpen" : false
        }
      },
      "confidence" : {
        "high" : {

        }
      },
      "transform" : [
        0.8369832,
        0,
        0.5472287,
        0,
        0,
        1,
        0,
        0,
        -0.54722863,
        0,
        0.8369832,
        0,
        -4.595089,
        -0.48037696,
        1.5010798,
        1
      ],
      "story" : 0,
      "identifier" : "4B5874B0-83ED-42C0-968F-EC6E78088E72",
      "curve" : null,
      "parentIdentifier" : "D6454633-FD3C-4B5C-9B2A-A769E86BC1B0",
      "completedEdges" : [

      ],
      "polygonCorners" : [

      ]
    }
  ],
  "windows" : [
    {
      "dimensions" : [
        2.607095,
        1.5844135,
        0
      ],
      "curve" : null,
      "category" : {
        "window" : {

        }
      },
      "story" : 0,
      "completedEdges" : [

      ],
      "confidence" : {
        "medium" : {

        }
      },
      "parentIdentifier" : "477FFE51-77D2-4332-9FB2-5175CAC52C41",
      "polygonCorners" : [

      ],
      "transform" : [
        -0.8369832,
        0,
        -0.5472286,
        0,
        0,
        1.0000001,
        0,
        0,
        0.5472286,
        0,
        -0.83698326,
        0,
        -0.2764547,
        -0.14104128,
        7.5949135,
        1
      ],
      "identifier" : "C5972CAD-6D89-4C90-8171-57C9E3636697"
    },
    {
      "identifier" : "37D80300-E445-4830-8974-11258229EA4B",
      "completedEdges" : [

      ],
      "parentIdentifier" : "C75DB6DB-321E-4A63-BA5B-3BCD48C3A506",
      "curve" : null,
      "transform" : [
        0.8369832,
        0,
        0.54722863,
        0,
        0,
        1,
        0,
        0,
        -0.5472286,
        0,
        0.8369832,
        0,
        4.0039206,
        0.03479433,
        1.2879152,
        1
      ],
      "story" : 0,
      "category" : {
        "window" : {

        }
      },
      "dimensions" : [
        1.4962062,
        1.4091072,
        0
      ],
      "polygonCorners" : [

      ],
      "confidence" : {
        "medium" : {

        }
      }
    }
  ],
  "version" : 2,
  "story" : 0,
  "openings" : [
    {
      "category" : {
        "opening" : {

        }
      },
      "polygonCorners" : [

      ],
      "story" : 0,
      "dimensions" : [
        1.5831704,
        2.08,
        0
      ],
      "completedEdges" : [

      ],
      "identifier" : "226669C7-07A3-4631-B6AF-74576B0FF6DF",
      "curve" : null,
      "confidence" : {
        "high" : {

        }
      },
      "transform" : [
        0.8179439,
        0,
        0.57529825,
        0,
        0,
        1,
        0,
        0,
        -0.5752982,
        0,
        0.8179438,
        0,
        -2.6068935,
        -0.49190736,
        1.1102927,
        1
      ],
      "parentIdentifier" : "41912625-F7EC-4A30-AB3A-EAF6C3C74551"
    },
    {
      "story" : 0,
      "confidence" : {
        "high" : {

        }
      },
      "completedEdges" : [

      ],
      "parentIdentifier" : "46A22BAF-D768-49F0-A3A2-E8C480DE49B6",
      "identifier" : "556C3636-32CA-4C4A-A387-46D0B952BE5A",
      "dimensions" : [
        1.2545315,
        2.08,
        0
      ],
      "transform" : [
        -0.54722846,
        0,
        0.8369834,
        0,
        0,
        1,
        0,
        0,
        -0.8369834,
        0,
        -0.5472285,
        0,
        1.7135952,
        -0.49190736,
        0.5399121,
        1
      ],
      "category" : {
        "opening" : {

        }
      },
      "curve" : null,
      "polygonCorners" : [

      ]
    },
    {
      "transform" : [
        0.5472285,
        0,
        -0.8369832,
        0,
        0,
        1,
        0,
        0,
        0.8369832,
        0,
        0.5472286,
        0,
        -2.8351781,
        -0.42190742,
        0.042679608,
        1
      ],
      "dimensions" : [
        1.4179256,
        2.22,
        0
      ],
      "completedEdges" : [

      ],
      "curve" : null,
      "confidence" : {
        "high" : {

        }
      },
      "category" : {
        "opening" : {

        }
      },
      "story" : 0,
      "identifier" : "0E10B98D-87F1-4F80-84EE-DD90D5A6D407",
      "parentIdentifier" : "1BEDBD35-C78C-443F-B633-ACCC5444A19C",
      "polygonCorners" : [

      ]
    },
    {
      "dimensions" : [
        0.1921057,
        2.2,
        0
      ],
      "transform" : [
        0.5752974,
        0,
        -0.81794447,
        0,
        0,
        1,
        0,
        0,
        0.81794447,
        0,
        0.5752974,
        0,
        -3.3118935,
        -0.43190742,
        0.7318652,
        1
      ],
      "parentIdentifier" : "958B84E8-660A-4BB3-A161-B8F9D69E31B4",
      "polygonCorners" : [

      ],
      "curve" : null,
      "story" : 0,
      "confidence" : {
        "high" : {

        }
      },
      "category" : {
        "opening" : {

        }
      },
      "identifier" : "732B64C0-9E42-4B42-B122-5C80BB1E4591",
      "completedEdges" : [

      ]
    }
  ],
  "sections" : [
    {
      "label" : "livingRoom",
      "story" : 0,
      "center" : [
        1.8818548,
        -0.29948282,
        4.1316814
      ]
    },
    {
      "center" : [
        -2.8500538,
        -0.29948282,
        3.6024532
      ],
      "label" : "diningRoom",
      "story" : 0
    },
    {
      "label" : "kitchen",
      "center" : [
        -7.8395853,
        -0.29948282,
        0.60672265
      ],
      "story" : 0
    },
    {
      "label" : "unidentified",
      "story" : 0,
      "center" : [
        -2.2160134,
        -0.29948282,
        0.20337039
      ]
    }
  ],
